len,new_alloc_delta
1,4
5,4
9,8
17,9
26,10
36,11
47,12
59,14
73,16
89,18
107,20
127,22
